# Elapsed time   CPU (%)     Real (MB)   Virtual (MB)
       0.000        0.000       12.121      387.668
       1.000        0.000       12.121      387.668
       2.002        0.000       12.121      387.668
       3.002        0.000       12.121      387.668
       4.003        0.000       12.121      387.668
       5.004        0.000       12.121      387.668
       6.005        0.000       12.121      387.668
       7.006        0.000       12.121      387.668
       8.007        0.000       12.121      387.668
       9.008        0.000       12.121      387.668
      10.008        0.000       12.121      387.668
      11.009        0.000       12.121      387.668
      12.010        0.000       12.121      387.668
      13.011        0.000       12.121      387.668
      14.012        0.000       12.121      387.668
      15.014        0.000       12.121      387.668
      16.014        0.000       12.121      387.668
      17.015        0.000       12.121      387.668
      18.016        0.000       12.121      387.668
      19.017        0.000       12.121      387.668
      20.018        1.000       12.121      387.668
      21.019        0.000       12.121      387.668
      22.020        0.000       12.121      387.668
      23.022        0.000       12.121      387.668
      24.022        0.000       12.121      387.668
      25.023        0.000       12.121      387.668
      26.024        0.000       12.121      387.668
      27.025        0.000       12.121      387.668
      28.025        0.000       12.121      387.668
      29.026        1.000       12.121      387.668
      30.028        0.000       12.121      387.668
      31.028        0.000       12.121      387.668
      32.029        0.000       12.121      387.668
      33.029        1.000       12.121      387.668
      34.030        0.000       12.121      387.668
      35.032        0.000       12.121      387.668
      36.032        0.000       12.121      387.668
      37.034        0.000       12.121      387.668
      38.034        1.000       12.121      387.668
      39.035        0.000       12.121      387.668
      40.036        0.000       12.121      387.668
      41.038        0.000       12.121      387.668
      42.039        0.000       12.121      387.668
      43.039        0.000       12.121      387.812
      44.040        0.000       12.121      387.812
      45.042        0.000       12.121      387.812
      46.042        0.000       12.121      387.812
      47.044        0.000       12.121      387.812
      48.044        0.000       12.121      387.812
      49.045        1.000       12.121      387.812
      50.045        0.000       12.121      387.812
      51.046        0.000       12.121      387.812
      52.047        0.000       12.121      387.812
      53.048        0.000       12.121      387.812
      54.049        0.000       12.121      387.812
      55.051        0.000       12.121      387.812
      56.052        0.000       12.121      387.812
      57.052        0.000       12.121      387.812
      58.053        0.000       12.121      387.812
      59.055        0.000       12.121      387.812
      60.056        1.000       12.121      387.812
      61.057        1.000       12.121      387.812
      62.059        0.000       12.121      387.812
      63.060        0.000       12.121      387.812
      64.060        0.000       12.121      387.812
      65.061        0.000       12.121      387.812
      66.063        0.000       12.121      387.812
      67.064        0.000       12.121      387.812
      68.064        0.000       12.121      387.812
      69.066        0.000       12.121      387.812
      70.067        0.000       12.121      387.812
      71.068        0.000       12.121      387.812
      72.068        0.000       12.121      387.812
      73.070        0.000       12.121      387.812
      74.070        0.000       12.121      387.812
      75.071        0.000       12.121      387.812
      76.072        1.000       12.121      387.812
      77.073        0.000       12.121      387.812
      78.074        0.000       12.121      387.812
      79.076        0.000       12.121      387.812
      80.076        0.000       12.121      387.812
      81.078        1.000       12.121      387.812
      82.079        0.000       12.121      387.812
      83.080        0.000       12.121      387.812
      84.080        0.000       12.121      387.812
      85.081        1.000       12.121      387.812
      86.082        0.000       12.121      387.812
      87.083        0.000       12.121      387.812
      88.084        0.000       12.121      387.812
      89.085        0.000       12.121      387.812
      90.087        0.000       12.121      387.812
      91.088        0.000       12.121      387.812
      92.088        0.000       12.121      387.812
      93.089        0.000       12.121      387.812
      94.090        0.000       12.121      387.812
      95.090        0.000       12.121      387.812
      96.091        0.000       12.121      387.812
      97.092        0.000       12.121      387.812
      98.094        0.000       12.121      387.812
      99.094        0.000       12.121      387.812
     100.095        0.000       12.121      387.812
     101.096        1.000       12.121      387.812
     102.098        0.000       12.633      387.812
     103.099        0.000       12.633      387.812
     104.100        0.000       12.633      387.812
     105.102        0.000       12.633      387.812
     106.103        1.000       12.633      387.812
     107.104        0.000       12.633      387.812
     108.104        0.000       12.633      387.812
     109.106        0.000       12.633      387.812
     110.107        0.000       12.633      387.812
     111.108        0.000       12.633      387.812
     112.109        0.000       12.633      387.812
     113.111        0.000       12.633      387.812
     114.112        0.000       12.633      387.812
     115.112        0.000       12.633      387.812
     116.113        1.000       12.633      387.812
     117.113        0.000       12.633      387.812
     118.114        0.000       12.633      387.812
     119.115        0.000       12.633      387.812
     120.116        0.000       12.633      388.035
     121.117        0.000       12.633      388.035
     122.117        0.000       12.633      388.035
     123.119        0.000       12.633      388.035
     124.120        1.000       12.633      388.035
     125.120        0.000       12.633      388.035
     126.121        0.000       12.633      388.035
     127.122        0.000       12.633      388.035
     128.123        0.000       12.633      388.035
     129.124        1.000       12.633      388.035
     130.125        0.000       12.633      388.035
     131.126        0.000       12.633      388.035
     132.128        0.000       12.633      388.035
     133.128        0.000       12.633      388.035
     134.129        0.000       12.633      388.035
     135.129        0.000       12.633      388.035
     136.129        0.000       12.633      388.035
     137.131        0.000       12.633      388.035
     138.131        1.000       12.633      388.035
     139.132        0.000       12.633      388.035
     140.133        0.000       12.633      388.035
     141.135        0.000       12.633      388.035
     142.136        0.000       12.633      388.035
     143.136        0.000       12.633      388.035
     144.138        0.000       12.633      388.035
     145.139        0.000       12.633      388.035
     146.140        0.000       12.633      388.035
     147.141        1.000       12.633      388.035
     148.143        0.000       12.633      388.035
     149.144        0.000       12.633      388.035
     150.144        0.000       12.633      388.035
     151.145        0.000       12.633      388.035
     152.146        0.000       12.633      388.035
     153.147        0.000       12.633      388.035
     154.148        0.000       12.633      388.035
     155.150        1.000       12.633      388.035
     156.151        0.000       12.633      388.035
     157.152        0.000       12.633      388.035
     158.153        0.000       12.633      388.035
     159.155        0.000       12.633      388.035
     160.156        0.000       12.633      388.035
     161.157        0.000       12.633      388.035
     162.157        0.000       12.633      388.035
     163.159        0.000       12.633      388.035
     164.159        0.000       12.633      388.035
     165.160        0.000       12.633      388.035
     166.161        1.000       12.633      388.035
     167.162        0.000       12.633      388.035
     168.163        0.000       12.633      388.035
     169.164        0.000       12.633      388.035
     170.166        0.000       12.633      388.035
     171.167        0.000       12.633      388.035
     172.167        1.000       12.633      388.035
     173.168        0.000       12.633      388.035
     174.169        0.000       12.633      388.035
     175.171        0.000       12.633      388.035
     176.172        0.000       12.633      388.035
     177.172        0.000       12.633      388.035
     178.174        0.000       12.633      388.035
     179.175        1.000       12.633      388.035
     180.176        0.000       12.633      388.035
     181.176        0.000       12.633      388.035
     182.177        0.000       12.633      388.035
     183.178        0.000       12.633      388.035
     184.179        0.000       12.633      388.035
     185.180        0.000       12.633      388.035
     186.182        0.000       12.633      388.035
     187.183        0.000       12.633      388.035
     188.184        0.000       12.633      388.035
     189.186        1.000       12.633      388.035
     190.187        0.000       12.633      388.035
     191.187        0.000       12.633      388.035
     192.188        0.000       12.633      388.035
     193.190        1.000       12.633      388.035
     194.190        0.000       12.633      388.035
     195.191        0.000       12.633      388.035
     196.192        0.000       12.633      388.035
     197.194        0.000       12.633      388.035
     198.195        0.000       12.633      388.035
     199.195        0.000       12.633      388.035
     200.196        0.000       12.633      388.035
     201.198        0.000       12.633      388.035
     202.199        0.000       12.633      388.035
     203.199        0.000       12.633      388.035
     204.200        1.000       12.633      388.035
     205.202        0.000       12.633      388.035
     206.203        0.000       12.633      388.035
     207.203        0.000       12.633      388.035
     208.204        0.000       12.633      388.035
     209.205        0.000       12.633      388.035
     210.206        0.000       12.633      388.035
     211.206        0.000       12.633      388.035
     212.208        1.000       12.633      388.035
     213.208        0.000       12.633      388.035
     214.209        0.000       12.633      388.035
     215.210        0.000       12.633      388.035
     216.211        0.000       12.633      388.035
     217.212        0.000       12.633      388.035
     218.212        0.000       12.633      388.035
     219.213        0.000       12.633      388.035
     220.214        1.000       12.633      388.035
     221.214        0.000       12.633      388.035
     222.214        0.000       12.891      388.242
     223.215        0.000       12.891      388.242
     224.216        0.000       12.891      388.242
     225.216        0.000       12.891      388.242
     226.217        0.000       12.891      388.242
     227.219        0.000       12.891      388.242
     228.220        1.000       12.891      388.242
     229.221        0.000       12.891      388.242
     230.222        0.000       12.891      388.242
     231.223        0.000       12.891      388.242
     232.224        0.000       12.891      388.242
     233.225        0.000       12.891      388.242
     234.226        0.000       12.891      388.242
     235.227        0.000       12.891      388.242
     236.228        0.000       12.891      388.242
     237.229        0.000       12.891      388.242
     238.230        0.000       12.891      388.242
     239.231        1.000       12.891      388.242
     240.232        0.000       12.891      388.242
     241.232        0.000       12.891      388.242
     242.233        0.000       12.891      388.242
     243.234        0.000       12.891      388.242
     244.235        1.000       12.891      388.242
     245.236        0.000       12.891      388.242
     246.238        0.000       12.891      388.242
     247.239        0.000       12.891      388.242
     248.240        1.000       12.891      388.242
     249.240        0.000       12.891      388.242
     250.242        0.000       12.891      388.242
     251.243        0.000       12.891      388.242
     252.244        0.000       12.891      388.242
     253.245        0.000       12.891      388.242
     254.246        0.000       12.891      388.242
     255.248        0.000       12.891      388.242
     256.248        0.000       12.891      388.242
     257.250        0.000       12.891      388.242
     258.250        0.000       12.891      388.242
     259.251        0.000       12.891      388.242
     260.252        0.000       12.891      388.242
     261.253        0.000       12.891      388.242
     262.254        0.000       12.891      388.242
     263.255        2.000       12.891      388.242
     264.256        0.000       12.891      388.242
     265.258        0.000       12.891      388.242
     266.259        0.000       12.891      388.242
     267.260        0.000       12.891      388.242
     268.261        0.000       12.891      388.242
     269.262        0.000       12.891      388.242
     270.263        0.000       12.891      388.242
     271.264        0.000       12.891      388.242
     272.266        0.000       12.891      388.242
     273.267        0.000       12.891      388.242
     274.268        0.000       12.891      388.242
     275.268        0.000       12.891      388.242
     276.269        1.000       12.891      388.242
     277.270        0.000       12.891      388.242
     278.272        0.000       12.891      388.242
     279.273        0.000       12.891      388.242
     280.273        0.000       12.891      388.242
     281.275        0.000       12.891      388.242
     282.275        0.000       12.891      388.242
     283.276        0.000       12.891      388.242
     284.278        0.000       12.891      388.242
     285.279        0.000       12.891      388.242
     286.280        0.000       12.891      388.242
     287.281        1.000       12.891      388.242
     288.283        1.000       12.891      388.242
     289.283        0.000       12.891      388.242
     290.284        0.000       12.891      388.242
     291.285        0.000       12.891      388.242
     292.286        0.000       12.891      388.242
     293.286        0.000       12.891      388.242
     294.288        0.000       12.891      388.242
     295.288        0.000       12.891      388.242
     296.290        0.000       12.891      388.242
     297.291        1.000       12.891      388.242
     298.291        0.000       12.891      388.242
     299.292        0.000       12.891      388.242
     300.294        0.000       12.891      388.242
     301.295        0.000       12.891      388.242
     302.295        0.000       12.891      388.242
     303.296        0.000       12.891      388.242
     304.298        0.000       12.891      388.242
     305.298        0.000       12.891      388.242
     306.298        0.000       12.891      388.242
     307.300        0.000       12.891      388.242
     308.301        1.000       12.891      388.242
     309.302        0.000       12.891      388.242
     310.303        0.000       12.891      388.242
     311.304        0.000       12.891      388.242
     312.306        0.000       12.891      388.242
     313.306        1.000       12.891      388.242
     314.307        0.000       12.891      388.242
     315.308        0.000       12.891      388.242
     316.309        0.000       12.891      388.242
     317.311        0.000       12.891      388.242
     318.311        0.000       13.047      388.367
     319.312        0.000       13.047      388.367
     320.313        0.000       13.047      388.367
     321.315        0.000       13.047      388.367
     322.316        0.000       13.047      388.367
     323.317        0.000       13.047      388.367
     324.319        0.000       13.047      388.367
     325.320        1.000       13.047      388.367
     326.320        0.000       13.047      388.367
     327.322        0.000       13.047      388.367
     328.322        0.000       13.047      388.367
     329.323        0.000       13.047      388.367
     330.324        0.000       13.047      388.367
     331.326        0.000       13.047      388.367
     332.326        0.000       13.047      388.367
     333.327        0.000       13.047      388.367
     334.328        0.000       13.047      388.367
     335.329        0.000       13.047      388.367
     336.330        0.000       13.047      388.367
     337.332        2.000       13.047      388.367
     338.332        0.000       13.047      388.367
     339.334        0.000       13.047      388.367
     340.334        0.000       13.047      388.367
     341.336        0.000       13.047      388.367
     342.336        0.000       13.047      388.367
     343.337        0.000       13.047      388.367
     344.338        0.000       13.047      388.367
     345.340        0.000       13.047      388.367
     346.340        0.000       13.047      388.367
     347.342        1.000       13.047      388.367
     348.342        0.000       13.047      388.367
     349.344        0.000       13.047      388.367
     350.344        0.000       13.047      388.367
     351.345        0.000       13.047      388.367
     352.346        0.000       13.047      388.367
     353.347        0.000       13.047      388.367
     354.348        0.000       13.047      388.367
     355.349        1.000       13.047      388.367
     356.349        0.000       13.047      388.367
     357.350        0.000       13.047      388.367
     358.352        0.000       13.047      388.367
     359.352        0.000       13.047      388.367
     360.353        0.000       13.047      388.367
     361.353        0.000       13.047      388.367
     362.354        0.000       13.047      388.367
     363.356        0.000       13.047      388.367
     364.356        0.000       13.047      388.367
     365.357        0.000       13.047      388.367
     366.359        1.000       13.047      388.367
     367.359        0.000       13.047      388.367
     368.360        0.000       13.047      388.367
     369.361        0.000       13.047      388.367
     370.362        0.000       13.047      388.367
     371.362        0.000       13.047      388.367
     372.362        0.000       13.047      388.367
     373.363        0.000       13.047      388.367
     374.364        0.000       13.047      388.367
     375.364        0.000       13.047      388.367
     376.365        0.000       13.047      388.367
     377.366        0.000       13.047      388.367
     378.366        1.000       13.047      388.367
     379.367        0.000       13.047      388.367
     380.368        0.000       13.047      388.367
     381.369        0.000       13.047      388.367
     382.370        0.000       13.047      388.367
     383.371        0.000       13.047      388.367
     384.372        0.000       13.047      388.367
     385.373        0.000       13.047      388.367
     386.375        0.000       13.047      388.367
     387.375        1.000       13.047      388.367
     388.376        1.000       13.047      388.367
     389.377        0.000       13.047      388.367
     390.377        0.000       13.047      388.367
     391.377        0.000       13.047      388.367
     392.378        0.000       13.047      388.367
     393.380        0.000       13.047      388.367
     394.380        0.000       13.047      388.367
     395.381        0.000       13.047      388.367
     396.381        0.000       13.047      388.367
     397.382        0.000       13.047      388.367
     398.383        0.000       13.047      388.367
     399.384        0.000       13.047      388.367
     400.385        1.000       13.047      388.367
     401.387        0.000       13.047      388.367
     402.387        0.000       13.047      388.367
     403.388        0.000       13.047      388.367
     404.390        0.000       13.047      388.367
     405.391        0.000       13.047      388.367
     406.391        0.000       13.215      388.492
     407.392        0.000       13.215      388.492
     408.393        0.000       13.215      388.492
     409.394        0.000       13.215      388.492
     410.395        0.000       13.215      388.492
     411.396        0.000       13.215      388.492
     412.398        1.000       13.215      388.492
     413.399        0.000       13.215      388.492
     414.400        0.000       13.215      388.492
     415.400        0.000       13.215      388.492
     416.402        0.000       13.215      388.492
     417.403        0.000       13.215      388.492
     418.404        0.000       13.215      388.492
     419.404        0.000       13.215      388.492
     420.406        0.000       13.215      388.492
     421.407        1.000       13.215      388.492
     422.408        0.000       13.215      388.492
     423.410        0.000       13.215      388.492
     424.411        0.000       13.215      388.492
     425.412        0.000       13.215      388.492
     426.413        0.000       13.215      388.492
     427.414        0.000       13.254      388.695
     428.414        1.000       13.254      388.695
     429.415        0.000       13.254      388.695
     430.416        0.000       13.254      388.695
     431.418        0.000       13.254      388.695
     432.418        0.000       13.254      388.695
     433.419        0.000       13.254      388.695
     434.419        1.000       13.254      388.695
     435.420        0.000       13.254      388.695
     436.421        0.000       13.254      388.695
     437.421        0.000       13.254      388.695
     438.423        0.000       13.254      388.695
     439.424        0.000       13.254      388.695
     440.425        0.000       13.254      388.695
     441.426        1.000       13.254      388.695
     442.426        0.000       13.254      388.695
     443.427        0.000       13.254      388.695
     444.428        0.000       13.254      388.695
     445.430        0.000       13.254      388.695
     446.431        0.000       13.254      388.695
     447.431        0.000       13.254      388.695
     448.432        0.000       13.254      388.695
     449.433        1.000       13.254      388.695
     450.435        0.000       13.254      388.695
     451.435        0.000       13.254      388.695
     452.435        0.000       13.254      388.695
     453.436        0.000       13.254      388.695
     454.438        0.000       13.254      388.695
     455.439        0.000       13.254      388.695
     456.440        0.000       13.254      388.695
     457.440        0.000       13.254      388.695
     458.441        0.000       13.254      388.695
     459.441        0.000       13.254      388.695
     460.442        0.000       13.254      388.695
     461.442        0.000       13.254      388.695
     462.442        0.000       13.254      388.695
     463.443        1.000       13.254      388.695
     464.444        0.000       13.254      388.695
     465.446        0.000       13.254      388.695
     466.447        0.000       13.254      388.695
     467.448        0.000       13.254      388.695
     468.448        1.000       13.254      388.695
     469.450        0.000       13.254      388.695
     470.451        0.000       13.254      388.695
     471.452        0.000       13.254      388.695
     472.452        0.000       13.254      388.695
     473.454        0.000       13.254      388.695
     474.454        1.000       13.254      388.695
     475.455        0.000       13.254      388.695
     476.456        0.000       13.254      388.695
     477.458        0.000       13.254      388.695
     478.459        0.000       13.254      388.695
     479.460        0.000       13.254      388.695
     480.461        0.000       13.254      388.695
     481.463        0.000       13.254      388.695
     482.464        0.000       13.254      388.695
     483.465        0.000       13.254      388.695
     484.466        0.000       13.254      388.695
     485.467        0.000       13.254      388.695
     486.468        0.000       13.254      388.695
     487.470        0.000       13.254      388.695
     488.471        1.000       13.254      388.695
     489.472        0.000       13.254      388.695
     490.472        0.000       13.254      388.695
     491.473        0.000       13.254      388.695
     492.474        1.000       13.254      388.695
     493.475        0.000       13.254      388.695
     494.476        0.000       13.254      388.824
     495.477        0.000       13.254      388.824
     496.478        0.000       13.254      388.824
     497.479        0.000       13.254      388.824
     498.480        0.000       13.254      388.824
     499.481        0.000       13.254      388.824
     500.482        0.000       13.254      388.824
     501.483        0.000       13.254      388.824
     502.484        1.000       13.254      388.824
     503.486        0.000       13.254      388.824
     504.487        0.000       13.254      388.824
     505.488        0.000       13.254      388.824
     506.490        0.000       13.254      388.824
     507.491        0.000       13.254      388.824
     508.491        0.000       13.254      388.824
     509.492        0.000       13.254      388.824
     510.494        0.000       13.254      388.824
     511.495        0.000       13.254      388.824
     512.496        1.000       13.254      388.824
     513.497        0.000       13.254      388.824
     514.499        0.000       13.254      388.824
     515.500        0.000       13.254      388.824
     516.500        0.000       13.254      388.824
     517.501        0.000       13.254      388.824
     518.502        0.000       13.254      388.824
     519.503        0.000       13.254      388.824
     520.504        0.000       13.254      388.824
     521.506        0.000       13.254      388.824
     522.507        0.000       13.254      388.824
     523.508        1.000       13.254      388.824
     524.509        0.000       13.254      388.824
     525.509        1.000       13.254      388.824
     526.511        0.000       13.254      388.824
     527.511        0.000       13.254      388.824
     528.512        0.000       13.254      388.824
     529.513        0.000       13.254      388.824
     530.514        0.000       13.254      388.824
     531.515        0.000       13.254      388.824
     532.516        0.000       13.254      388.824
     533.518        0.000       13.254      388.824
     534.519        0.000       13.254      388.824
     535.520        0.000       13.254      388.824
     536.520        0.000       13.254      388.824
     537.521        0.000       13.254      388.824
     538.522        0.000       13.254      388.824
     539.523        0.000       13.254      388.824
     540.524        1.000       13.254      388.824
     541.525        0.000       13.254      388.824
     542.527        1.000       13.254      388.824
     543.528        0.000       13.254      388.824
     544.528        0.000       13.254      388.824
     545.529        0.000       13.254      388.824
     546.531        0.000       13.254      388.824
     547.532        0.000       13.254      388.824
     548.533        0.000       13.254      388.824
     549.535        0.000       13.254      388.824
     550.536        0.000       13.254      388.824
     551.536        1.000       13.254      388.824
     552.538        0.000       13.254      388.824
     553.538        0.000       13.254      388.824
     554.539        0.000       13.254      388.824
     555.540        0.000       13.254      388.824
     556.541        0.000       13.254      388.824
     557.541        0.000       13.254      388.824
     558.543        0.000       13.254      388.824
     559.543        0.000       13.254      388.824
     560.544        1.000       13.254      388.824
     561.544        0.000       13.508      388.824
     562.546        0.000       13.508      388.824
     563.547        0.000       13.508      388.824
     564.548        0.000       13.508      388.824
     565.549        0.000       13.508      388.824
     566.551        0.000       13.508      388.824
     567.552        0.000       13.508      388.824
     568.553        1.000       13.508      388.824
     569.554        0.000       13.508      388.824
     570.555        0.000       13.508      388.824
     571.556        0.000       13.508      388.824
     572.557        0.000       13.508      388.824
     573.558        0.000       13.508      388.824
     574.559        0.000       13.508      388.824
     575.560        0.000       13.508      388.824
     576.561        1.000       13.508      388.824
     577.562        0.000       13.508      388.824
     578.563        0.000       13.508      388.824
     579.564        0.000       13.508      388.824
     580.564        0.000       13.508      388.824
     581.565        0.000       13.508      388.824
     582.566        0.000       13.508      388.824
     583.567        0.000       13.508      388.824
     584.568        0.000       13.508      388.953
     585.569        0.000       13.508      388.953
     586.570        1.000       13.508      388.953
     587.572        0.000       13.508      388.953
     588.572        0.000       13.508      388.953
     589.573        0.000       13.508      388.953
     590.575        0.000       13.508      388.953
     591.575        0.000       13.508      388.953
     592.576        0.000       13.508      388.953
     593.577        0.000       13.508      388.953
     594.578        0.000       13.508      388.953
     595.579        1.000       13.508      388.953
     596.580        0.000       13.508      388.953
     597.581        0.000       13.508      388.953
     598.583        0.000       13.508      388.953
     599.584        0.000       13.508      388.953
     600.585        0.000       13.508      388.953
     601.586        0.000       13.508      388.953
     602.586        0.000       13.508      388.953
     603.587        1.000       13.508      388.953
     604.588        0.000       13.508      388.953
     605.589        0.000       13.508      388.953
     606.590        0.000       13.508      388.953
     607.591        0.000       13.508      388.953
     608.594        0.000       13.508      388.953
     609.595        0.000       13.508      388.953
     610.596        0.000       13.508      388.953
     611.597        1.000       13.508      388.953
     612.598        0.000       13.508      388.953
     613.599        0.000       13.508      388.953
     614.600        0.000       13.508      388.953
     615.602        0.000       13.508      388.953
     616.603        0.000       13.508      388.953
     617.603        0.000       13.508      388.953
     618.604        0.000       13.508      388.953
     619.606        0.000       13.508      388.953
     620.607        0.000       13.508      388.953
     621.608        0.000       13.508      388.953
     622.609        1.000       13.508      388.953
     623.611        0.000       13.508      388.953
     624.611        0.000       13.508      388.953
     625.612        0.000       13.508      388.953
     626.613        0.000       13.508      388.953
     627.613        1.000       13.508      388.953
     628.613        0.000       13.508      388.953
     629.614        0.000       13.508      388.953
     630.616        0.000       13.508      388.953
     631.616        0.000       13.508      388.953
     632.617        1.000       13.508      388.953
     633.618        0.000       13.508      388.953
     634.619        0.000       13.508      388.953
     635.620        0.000       13.508      388.953
     636.621        0.000       13.508      388.953
     637.623        0.000       13.508      388.953
     638.623        0.000       13.508      388.953
     639.624        0.000       13.508      388.953
     640.626        0.000       13.508      388.953
     641.626        0.000       13.508      388.953
     642.627        0.000       13.508      388.953
     643.627        0.000       13.508      388.953
     644.628        0.000       13.508      388.953
     645.630        1.000       13.508      388.953
     646.630        1.000       13.508      388.953
     647.630        0.000       13.508      388.953
     648.632        0.000       13.508      388.953
     649.632        0.000       13.508      388.953
     650.633        0.000       13.508      388.953
     651.634        0.000       13.508      388.953
     652.635        0.000       13.508      388.953
     653.636        0.000       13.508      388.953
     654.637        0.000       13.508      388.953
     655.638        1.000       13.508      388.953
     656.639        0.000       13.508      388.953
     657.640        0.000       13.508      388.953
     658.642        0.000       13.508      388.953
     659.643        0.000       13.508      388.953
     660.643        0.000       13.508      388.953
     661.644        0.000       13.508      388.953
     662.645        0.000       13.508      388.953
     663.646        0.000       13.508      388.953
     664.647        0.000       13.508      388.953
     665.648        0.000       13.508      388.953
     666.648        0.000       13.508      388.953
     667.649        0.000       13.508      388.953
     668.650        0.000       13.508      388.953
     669.651        1.000       13.508      388.953
     670.652        0.000       13.508      388.953
     671.653        0.000       13.508      388.953
     672.654        0.000       13.508      388.953
     673.655        0.000       13.508      388.953
     674.656        0.000       13.508      388.953
     675.657        0.000       13.508      388.953
     676.658        0.000       13.508      389.082
     677.659        1.000       13.508      389.082
     678.660        0.000       13.508      389.082
     679.661        0.000       13.508      389.082
     680.663        0.000       13.508      389.082
     681.664        0.000       13.508      389.082
     682.665        0.000       13.508      389.082
     683.666        0.000       13.508      389.082
     684.668        1.000       13.508      389.082
     685.668        0.000       13.508      389.082
     686.669        0.000       13.508      389.082
     687.670        0.000       13.508      389.082
     688.671        0.000       13.508      389.082
     689.672        1.000       13.508      389.082
     690.673        0.000       13.508      389.082
     691.674        0.000       13.508      389.082
     692.674        0.000       13.508      389.082
     693.675        0.000       13.508      389.082
     694.675        0.000       13.508      389.082
     695.676        0.000       13.766      389.082
     696.677        0.000       13.766      389.082
     697.679        0.000       13.766      389.082
     698.680        0.000       13.766      389.082
     699.680        0.000       13.766      389.082
     700.681        1.000       13.766      389.082
     701.683        1.000       13.766      389.082
     702.683        0.000       13.766      389.082
     703.684        0.000       13.766      389.082
     704.686        0.000       13.766      389.082
     705.686        0.000       13.766      389.082
     706.687        0.000       13.766      389.082
     707.688        0.000       13.766      389.082
     708.689        0.000       13.766      389.082
     709.689        0.000       13.766      389.082
     710.690        0.000       13.766      389.082
     711.690        1.000       13.766      389.082
     712.691        0.000       13.766      389.082
     713.692        0.000       13.766      389.082
     714.693        0.000       13.766      389.082
     715.693        0.000       13.766      389.082
     716.694        0.000       13.766      389.082
     717.695        0.000       13.766      389.082
     718.696        0.000       13.766      389.082
     719.697        0.000       13.766      389.082
     720.698        0.000       13.766      389.082
     721.700        0.000       13.766      389.082
     722.700        0.000       13.766      389.082
     723.701        0.000       13.766      389.082
     724.702        0.000       13.766      389.082
     725.703        1.000       13.766      389.082
     726.704        0.000       13.766      389.082
     727.706        0.000       13.766      389.082
     728.706        1.000       13.766      389.082
     729.707        0.000       13.766      389.082
     730.708        0.000       13.766      389.082
     731.709        0.000       13.766      389.082
     732.710        0.000       13.766      389.082
     733.712        0.000       13.766      389.082
     734.712        0.000       13.766      389.082
     735.713        0.000       13.766      389.082
     736.714        1.000       13.766      389.082
     737.715        0.000       13.766      389.082
     738.716        0.000       13.766      389.082
     739.718        0.000       13.766      389.082
     740.719        0.000       13.766      389.082
     741.720        0.000       13.766      389.082
     742.720        0.000       13.766      389.082
     743.721        0.000       13.766      389.082
     744.721        1.000       13.766      389.082
     745.722        0.000       13.766      389.082
     746.723        0.000       13.766      389.082
     747.724        0.000       13.766      389.082
     748.725        0.000       13.766      389.082
     749.726        0.000       13.766      389.082
     750.726        0.000       13.766      389.082
     751.728        0.000       13.766      389.082
     752.728        0.000       13.766      389.082
     753.730        0.000       13.766      389.082
     754.731        0.000       13.766      389.082
     755.731        1.000       13.766      389.082
     756.732        0.000       13.766      389.082
     757.734        0.000       13.766      389.082
     758.734        0.000       13.766      389.082
     759.735        1.000       13.766      389.082
     760.736        0.000       13.766      389.082
     761.737        0.000       13.766      389.082
     762.738        0.000       13.766      389.082
     763.739        0.000       13.766      389.082
     764.739        0.000       13.766      389.082
     765.740        0.000       13.766      389.082
     766.741        0.000       13.766      389.211
     767.742        0.000       13.766      389.211
     768.743        0.000       13.766      389.211
     769.744        0.000       13.766      389.211
     770.746        0.000       13.766      389.211
     771.746        0.000       13.766      389.211
     772.746        0.000       13.766      389.211
     773.748        0.000       13.766      389.211
     774.748        2.000       13.766      389.211
     775.750        0.000       13.766      389.211
     776.751        0.000       13.766      389.211
     777.751        0.000       13.766      389.211
     778.752        0.000       13.766      389.211
     779.753        0.000       13.766      389.211
     780.754        0.000       13.766      389.211
     781.755        0.000       13.766      389.211
     782.756        0.000       13.766      389.211
     783.757        0.000       13.766      389.211
     784.759        0.000       13.766      389.211
     785.760        0.000       13.766      389.211
     786.760        0.000       13.766      389.211
     787.762        0.000       13.766      389.211
     788.763        0.000       13.766      389.211
     789.764        0.000       13.766      389.211
     790.765        0.000       13.766      389.211
     791.765        2.000       13.766      389.211
     792.766        0.000       13.766      389.211
     793.767        0.000       13.766      389.211
     794.767        0.000       13.766      389.211
     795.768        0.000       13.766      389.211
     796.769        0.000       13.766      389.211
     797.771        0.000       13.766      389.211
     798.772        0.000       13.766      389.211
     799.772        0.000       13.766      389.211
     800.774        0.000       13.766      389.211
     801.774        1.000       13.766      389.211
     802.775        0.000       13.766      389.211
     803.776        0.000       13.766      389.211
     804.777        0.000       13.766      389.211
     805.777        0.000       13.766      389.211
     806.778        0.000       13.766      389.211
     807.778        0.000       13.766      389.211
     808.779        0.000       13.766      389.211
     809.780        0.000       13.766      389.211
     810.781        0.000       13.766      389.211
     811.783        0.000       13.766      389.211
     812.784        0.000       13.766      389.211
     813.784        0.000       13.766      389.211
     814.785        1.000       13.766      389.211
     815.785        0.000       13.766      389.211
     816.786        0.000       13.766      389.211
     817.787        0.000       13.766      389.211
     818.788        0.000       13.766      389.211
     819.789        1.000       13.766      389.211
     820.790        0.000       13.766      389.211
     821.790        0.000       13.766      389.211
     822.792        0.000       13.766      389.211
     823.792        0.000       13.766      389.211
     824.793        0.000       13.766      389.211
     825.793        0.000       13.766      389.211
     826.795        0.000       13.766      389.211
     827.795        0.000       13.766      389.211
     828.796        1.000       13.766      389.211
     829.796        0.000       13.766      389.211
     830.797        0.000       14.023      389.211
     831.797        0.000       14.023      389.211
     832.798        0.000       14.023      389.211
     833.799        0.000       14.023      389.211
     834.800        0.000       14.023      389.211
     835.801        1.000       14.023      389.211
     836.802        0.000       14.039      389.617
     837.803        0.000       14.039      389.617
     838.804        0.000       14.039      389.617
     839.805        0.000       14.039      389.617
     840.806        0.000       14.039      389.617
     841.807        0.000       14.039      389.617
     842.808        0.000       14.039      389.617
     843.809        0.000       14.039      389.617
     844.810        1.000       14.039      389.617
     845.811        0.000       14.039      389.617
     846.812        0.000       14.039      389.617
     847.814        0.000       14.039      389.617
     848.815        0.000       14.039      389.617
     849.815        0.000       14.039      389.617
     850.816        0.000       14.039      389.617
     851.818        0.000       14.039      389.617
     852.818        0.000       14.039      389.617
     853.819        0.000       14.039      389.617
     854.820        0.000       14.039      389.617
     855.821        0.000       14.039      389.617
     856.821        1.000       14.039      389.617
     857.823        1.000       14.039      389.746
     858.823        0.000       14.039      389.746
     859.823        0.000       14.039      389.746
     860.824        0.000       14.039      389.746
     861.826        0.000       14.039      389.746
     862.826        0.000       14.039      389.746
     863.827        0.000       14.039      389.746
     864.828        0.000       14.039      389.746
     865.830        0.000       14.039      389.746
     866.831        0.000       14.039      389.746
     867.831        0.000       14.039      389.746
     868.832        0.000       14.039      389.746
     869.833        0.000       14.039      389.746
     870.834        0.000       14.039      389.746
     871.835        1.000       14.039      389.746
     872.836        0.000       14.039      389.746
     873.837        0.000       14.039      389.746
     874.838        0.000       14.039      389.746
     875.839        0.000       14.039      389.746
     876.840        0.000       14.039      389.746
     877.840        0.000       14.039      389.746
     878.842        1.000       14.039      389.746
     879.843        0.000       14.039      389.746
     880.844        0.000       14.039      389.746
     881.844        0.000       14.039      389.746
     882.846        0.000       14.039      389.746
     883.847        0.000       14.039      389.746
     884.847        0.000       14.039      389.746
     885.848        0.000       14.039      389.746
     886.849        1.000       14.039      389.746
     887.850        0.000       14.039      389.746
     888.851        0.000       14.039      389.746
     889.852        0.000       14.039      389.746
     890.853        1.000       14.039      389.746
     891.854        0.000       14.039      389.746
     892.856        0.000       14.039      389.746
     893.856        0.000       14.039      389.746
     894.858        0.000       14.039      389.746
     895.859        0.000       14.039      389.746
     896.860        0.000       14.039      389.746
     897.860        0.000       14.039      389.746
     898.861        0.000       14.039      389.746
     899.863        1.000       14.039      389.746
     900.864        0.000       14.039      389.746
     901.864        0.000       14.039      389.746
     902.865        0.000       14.039      389.746
     903.865        0.000       14.039      389.746
     904.866        0.000       14.039      389.746
     905.866        0.000       14.039      389.746
     906.867        0.000       14.039      389.746
     907.867        0.000       14.039      389.746
     908.867        0.000       14.039      389.746
     909.868        0.000       14.039      389.746
     910.870        0.000       14.039      389.746
     911.871        0.000       13.992      389.746
     912.871        0.000       13.992      389.746
     913.872        2.000       13.992      389.746
     914.873        0.000       13.930      389.746
     915.873        0.000       13.930      389.746
     916.874        0.000       13.930      389.746
     917.875        0.000       13.930      389.746
     918.876        0.000       13.859      389.746
     919.877        0.000       13.859      389.746
     920.879        0.000       13.859      389.746
     921.879        0.000       13.781      389.746
     922.880        0.000       13.781      389.746
     923.880        0.000       13.781      389.746
     924.881        0.000       13.715      389.746
     925.882        1.000       13.715      389.746
     926.883        0.000       13.715      389.746
     927.884        0.000       13.641      389.746
     928.885        0.000       13.641      389.746
     929.886        0.000       13.641      389.746
     930.886        0.000       13.590      389.746
     931.887        0.000       13.590      389.746
     932.888        0.000       13.590      389.746
     933.889        0.000       13.508      389.746
     934.890        0.000       13.508      389.746
     935.891        0.000       13.508      389.746
     936.892        1.000       13.508      389.746
     937.893        0.000       13.438      389.746
     938.893        0.000       13.438      389.746
     939.894        0.000       13.438      389.746
     940.895        0.000       13.359      389.746
     941.895        0.000       13.359      389.746
     942.896        1.000       13.359      389.746
     943.897        0.000       13.289      389.746
     944.898        0.000       13.289      389.746
     945.898        0.000       13.289      389.746
     946.899        0.000       13.289      389.746
     947.900        0.000       13.234      389.746
     948.901        0.000       13.234      389.875
     949.902        0.000       13.234      389.875
     950.903        1.000       13.234      389.875
     951.904        0.000       13.172      389.875
     952.905        0.000       13.172      389.875
     953.906        0.000       13.172      389.875
     954.907        0.000       13.172      389.875
     955.907        0.000       13.117      389.875
     956.908        0.000       13.117      389.875
     957.910        0.000       13.117      389.875
     958.911        1.000       13.090      389.875
     959.912        0.000       13.090      389.875
     960.913        0.000       13.090      389.875
     961.914        0.000       13.090      389.875
     962.914        0.000       13.066      389.875
     963.915        0.000       13.066      389.875
     964.916        0.000       13.066      389.875
     965.916        0.000       13.066      389.875
     966.918        1.000       13.066      389.875
     967.918        0.000       13.066      389.875
     968.919        0.000       13.066      389.875
     969.920        0.000       13.066      389.875
     970.921        0.000       13.320      389.875
     971.922        0.000       13.320      389.875
     972.924        0.000       13.320      389.875
     973.924        0.000       13.320      389.875
     974.926        0.000       13.320      389.875
     975.927        1.000       13.320      389.875
     976.927        0.000       13.320      389.875
     977.928        0.000       13.320      389.875
     978.929        0.000       13.320      389.875
     979.930        0.000       13.320      389.875
     980.931        0.000       13.320      389.875
     981.932        0.000       13.320      389.875
     982.933        1.000       13.320      389.875
     983.934        0.000       13.320      389.875
     984.935        0.000       13.320      389.875
     985.936        0.000       13.320      389.875
     986.938        0.000       13.320      389.875
     987.939        0.000       13.320      389.875
     988.940        1.000       13.320      389.875
     989.941        0.000       13.320      389.875
     990.942        0.000       13.320      389.875
     991.942        0.000       13.320      389.875
     992.943        0.000       13.320      389.875
     993.944        0.000       13.320      389.875
     994.944        0.000       13.320      389.875
     995.946        0.000       13.320      389.875
     996.946        0.000       13.320      389.875
     997.947        0.000       13.320      389.875
     998.948        0.000       13.320      389.875
     999.950        0.000       13.320      389.875
    1000.950        1.000       13.320      389.875
    1001.951        0.000       13.320      389.875
    1002.952        0.000       13.320      389.875
    1003.953        0.000       13.320      389.875
    1004.953        1.000       13.320      389.875
    1005.954        0.000       13.320      389.875
    1006.955        0.000       13.320      389.875
    1007.956        0.000       13.320      389.875
    1008.957        0.000       13.320      389.875
    1009.958        0.000       13.320      389.875
    1010.959        0.000       13.320      389.875
    1011.960        0.000       13.320      389.875
    1012.961        0.000       13.320      389.875
    1013.963        0.000       13.320      389.875
    1014.964        0.000       13.320      389.875
    1015.964        1.000       13.320      389.875
    1016.965        0.000       13.320      389.875
    1017.965        0.000       13.320      389.875
    1018.965        1.000       13.320      389.875
    1019.967        0.000       13.320      389.875
    1020.968        0.000       13.320      389.875
    1021.968        0.000       13.320      389.875
    1022.970        0.000       13.320      389.875
    1023.970        0.000       13.320      389.875
    1024.971        0.000       13.320      389.875
    1025.972        0.000       13.320      389.875
    1026.973        0.000       13.320      389.875
    1027.973        0.000       13.320      389.875
    1028.974        0.000       13.320      389.875
    1029.975        0.000       13.320      389.875
    1030.976        0.000       13.320      389.875
    1031.977       29.000       27.004      453.875
    1032.978        0.000       27.004      453.875
    1033.979        0.000       27.004      453.875
    1034.979        0.000       27.004      453.875
    1035.979        0.000       27.004      453.875
    1036.980        0.000       27.004      453.875
    1037.981        0.000       27.004      453.875
    1038.981        1.000       27.004      453.875
    1039.982        0.000       27.004      454.004
    1040.983        0.000       27.004      454.004
    1041.984        0.000       27.004      454.004
    1042.986        0.000       27.004      454.004
    1043.986        0.000       27.004      454.004
    1044.986        0.000       27.004      454.004
    1045.987        0.000       27.004      454.004
    1046.988        1.000       27.004      454.004
    1047.989       23.000       40.148      460.137
    1048.990        4.000       22.770      454.004
    1049.992        0.000       22.770      454.004
    1050.992        0.000       22.770      454.004
    1051.993        0.000       22.770      454.004
    1052.995        0.000       22.770      454.004
    1053.996        1.000       22.770      454.004
    1054.996       32.000       22.773      454.004
    1055.998        0.000       22.773      454.004
    1056.999        0.000       22.773      454.004
    1058.000        0.000       22.773      454.004
    1059.001       32.000       22.773      454.004
    1060.003        0.000       22.773      454.004
    1061.004        0.000       22.773      454.004
    1062.004        0.000       22.773      454.004
    1063.006        0.000       22.773      454.004
    1064.007        0.000       22.773      454.004
    1065.008       30.000       22.777      454.004
    1066.008        0.000       22.777      454.004
    1067.010        6.000       26.898      454.004
    1068.010       28.000       22.777      454.004
    1069.011        0.000       22.777      454.004
    1070.011       29.000       22.777      454.004
    1071.012        0.000       22.777      454.004
    1072.014       35.000       22.777      454.004
    1073.015        0.000       22.777      454.004
    1074.016       10.000       40.820      460.293
    1075.017       24.000       22.777      454.004
    1076.018        0.000       22.777      454.004
    1077.019       32.000       23.145      454.004
    1078.020        0.000       23.145      454.004
    1079.022        0.000       23.145      454.004
    1080.023        0.000       23.145      454.004
    1081.023       40.000       23.145      454.004
    1082.024        0.000       23.145      454.004
    1083.025        5.000       34.484      460.348
    1084.026       24.000       23.145      454.004
    1085.026        0.000       23.145      454.004
    1086.027       31.000       23.145      454.004
    1087.028        1.000       23.145      454.004
    1088.028        0.000       23.145      454.004
    1089.029        0.000       23.145      454.004
    1090.029        0.000       23.145      454.004
    1091.030        0.000       23.145      454.004
    1092.031        1.000       23.145      454.004
    1093.032        0.000       23.145      454.004
    1094.033        0.000       23.145      454.004
    1095.034        0.000       23.145      454.004
    1096.035        0.000       23.145      454.004
    1097.036        0.000       23.145      454.004
    1098.038        0.000       23.145      454.004
    1099.039        0.000       23.145      454.004
    1100.040       32.000       23.148      454.004
    1101.040        0.000       23.148      454.004
    1102.041       14.000       41.707      460.461
    1103.042       14.000       23.148      454.004
    1104.043        0.000       23.148      454.004
    1105.044        0.000       23.148      454.004
    1106.046        0.000       23.148      454.004
    1107.047        1.000       23.148      454.004
    1108.048        0.000       23.148      454.004
    1109.048       30.000       23.156      454.004
    1110.049        0.000       23.156      454.004
    1111.050        1.000       23.156      454.004
    1112.052        1.000       23.156      454.004
    1113.052        0.000       23.156      454.004
    1114.053        0.000       23.156      454.004
    1115.053        0.000       23.156      454.004
    1116.054        0.000       23.156      454.004
    1117.054        0.000       23.156      454.004
    1118.056        0.000       23.156      454.004
    1119.056        0.000       23.156      454.004
    1120.058        0.000       23.156      454.004
    1121.059        0.000       23.156      454.004
    1122.059        0.000       23.156      454.004
    1123.060        0.000       23.156      454.004
    1124.061        0.000       23.156      454.004
    1125.061        0.000       23.156      454.004
    1126.062        0.000       23.156      454.004
    1127.063        0.000       23.156      454.004
    1128.064        1.000       23.156      454.004
    1129.066        1.000       23.156      454.133
    1130.066        0.000       23.156      454.133
    1131.067        0.000       23.156      454.133
    1132.067        0.000       23.156      454.133
    1133.068        0.000       23.156      454.133
    1134.068        0.000       23.156      454.133
    1135.069        0.000       23.156      454.133
    1136.070        0.000       23.156      454.133
    1137.071        0.000       23.156      454.133
    1138.072        0.000       23.156      454.133
    1139.072        0.000       23.156      454.133
    1140.074        1.000       23.156      454.133
    1141.075        0.000       23.156      454.133
    1142.076        0.000       23.156      454.133
    1143.077        0.000       23.156      454.133
    1144.078        0.000       23.156      454.133
    1145.079        0.000       23.156      454.133
    1146.080        0.000       23.156      454.133
    1147.080        0.000       23.156      454.133
    1148.081        0.000       23.156      454.133
    1149.082        0.000       23.156      454.133
    1150.082        1.000       23.156      454.133
    1151.084        0.000       23.156      454.133
    1152.084        0.000       23.156      454.133
    1153.085        0.000       23.156      454.133
    1154.085        0.000       23.156      454.133
    1155.087        0.000       23.156      454.133
    1156.087        0.000       23.156      454.133
    1157.087        0.000       23.156      454.133
    1158.088        1.000       23.156      454.133
    1159.089        0.000       23.156      454.133
    1160.090        0.000       23.156      454.133
    1161.091        0.000       23.156      454.133
    1162.092        0.000       23.156      454.133
    1163.093        0.000       23.156      454.133
    1164.093        0.000       23.156      454.133
    1165.095        1.000       23.156      454.133
    1166.096        0.000       23.156      454.133
    1167.096       33.000       23.176      454.133
    1168.097        0.000       23.176      454.133
    1169.098        1.000       23.176      454.133
    1170.100        0.000       23.176      454.133
    1171.100        0.000       23.176      454.133
    1172.102        0.000       23.176      454.133
    1173.103        0.000       23.176      454.133
    1174.103        0.000       23.176      454.133
    1175.104        0.000       23.176      454.133
    1176.105        0.000       23.176      454.133
    1177.106        1.000       23.176      454.133
    1178.106        0.000       23.176      454.133
    1179.107        0.000       23.176      454.133
    1180.108        0.000       23.176      454.133
    1181.110        0.000       23.176      454.133
    1182.110        0.000       23.176      454.133
    1183.111        0.000       23.176      454.133
    1184.112        0.000       23.176      454.133
    1185.113        0.000       23.176      454.133
    1186.114        1.000       23.176      454.133
    1187.114        0.000       23.176      454.133
    1188.114        0.000       23.176      454.133
    1189.115        0.000       23.176      454.133
    1190.116        0.000       23.176      454.133
    1191.118        0.000       23.176      454.133
    1192.118        0.000       23.176      454.133
    1193.119        0.000       23.176      454.133
    1194.120        1.000       23.176      454.133
    1195.122        0.000       23.176      454.133
    1196.122        0.000       23.176      454.133
    1197.122        1.000       23.176      454.133
    1198.123        0.000       23.176      454.133
    1199.123       29.000       23.184      454.133
    1200.124        1.000       23.184      454.133
    1201.125        0.000       23.184      454.133
    1202.125        0.000       23.184      454.133
    1203.125        0.000       23.184      454.133
    1204.127        0.000       23.184      454.133
    1205.128        0.000       23.184      454.133
    1206.129        0.000       23.184      454.133
    1207.131        1.000       23.184      454.133
    1208.132        0.000       23.184      454.133
    1209.132        0.000       23.184      454.133
    1210.134        0.000       23.441      454.133
    1211.134        1.000       23.441      454.133
    1212.135        0.000       23.441      454.133
    1213.135        0.000       23.441      454.133
    1214.136       32.000       23.449      454.133
    1215.138        1.000       23.449      454.133
    1216.139       32.000       23.449      454.133
    1217.140        1.000       23.449      454.133
    1218.141        0.000       23.449      454.133
    1219.142        0.000       23.449      454.262
    1220.143        0.000       23.449      454.262
    1221.144        0.000       23.449      454.262
    1222.145        0.000       23.449      454.262
    1223.147        0.000       23.449      454.262
    1224.148        0.000       23.449      454.262
    1225.148        0.000       23.449      454.262
    1226.149        1.000       23.449      454.262
    1227.149        0.000       23.449      454.262
    1228.149       36.000       23.453      454.262
    1229.150        0.000       23.453      454.262
    1230.151        0.000       23.453      454.262
    1231.152       34.000       23.453      454.262
    1232.153        0.000       23.453      454.262
    1233.154       36.000       23.453      454.262
    1234.154        0.000       23.453      454.262
    1235.154        0.000       23.453      454.262
    1236.155        0.000       23.453      454.262
    1237.156        0.000       23.453      454.262
    1238.157        0.000       23.453      454.262
    1239.158        0.000       23.453      454.262
    1240.158        0.000       23.453      454.262
    1241.159        0.000       23.453      454.262
    1242.160        1.000       23.453      454.262
    1243.162        0.000       23.453      454.262
    1244.162        0.000       23.453      454.262
    1245.163        0.000       23.453      454.262
    1246.164        0.000       23.453      454.262
    1247.165        0.000       23.453      454.262
    1248.165        0.000       23.453      454.262
    1249.166        0.000       23.453      454.262
    1250.167        0.000       23.453      454.262
    1251.167        0.000       23.453      454.262
    1252.168        0.000       23.453      454.262
    1253.169        1.000       23.453      454.262
    1254.170        0.000       23.453      454.262
    1255.171        0.000       23.453      454.262
    1256.172        0.000       23.453      454.262
    1257.173        0.000       23.453      454.262
    1258.174        1.000       23.453      454.262
    1259.174        0.000       23.453      454.262
    1260.175        0.000       23.453      454.262
    1261.176        0.000       23.453      454.262
    1262.177        0.000       23.453      454.262
    1263.178        0.000       23.453      454.262
    1264.179        0.000       23.453      454.262
    1265.180        0.000       23.453      454.262
    1266.182        1.000       23.453      454.262
    1267.183        0.000       23.453      454.262
    1268.183        0.000       23.453      454.262
    1269.184       34.000       46.137      461.715
    1270.186        4.000       23.469      454.262
    1271.186        1.000       23.469      454.262
    1272.187       37.000       23.469      454.262
    1273.188        0.000       23.469      454.262
    1274.190        1.000       23.469      454.262
    1275.191        0.000       23.469      454.262
    1276.191        0.000       23.469      454.262
    1277.192        0.000       23.469      454.262
    1278.193        0.000       23.469      454.262
    1279.194        0.000       23.469      454.262
    1280.195        0.000       23.469      454.262
    1281.195        0.000       23.469      454.262
    1282.196        1.000       23.469      454.262
    1283.198        0.000       23.469      454.262
    1284.198        0.000       23.469      454.262
    1285.199        0.000       23.469      454.262
    1286.200        0.000       23.469      454.262
    1287.200        0.000       23.469      454.262
    1288.202        0.000       23.469      454.262
    1289.203        0.000       23.469      454.262
    1290.204        0.000       23.469      454.262
    1291.204        0.000       23.469      454.262
    1292.205        0.000       23.469      454.262
    1293.206        0.000       23.469      454.262
    1294.207        1.000       23.469      454.262
    1295.208        0.000       23.469      454.262
    1296.210        0.000       23.469      454.262
    1297.211        0.000       23.469      454.262
    1298.211        1.000       23.469      454.262
    1299.212        0.000       23.469      454.262
    1300.214        0.000       23.469      454.262
    1301.215        0.000       23.469      454.262
    1302.216        0.000       23.469      454.262
    1303.217        0.000       23.469      454.262
    1304.218        0.000       23.469      454.262
    1305.219        0.000       23.469      454.262
    1306.220       37.000       23.477      454.262
    1307.222        0.000       23.477      454.262
    1308.223       26.000       47.191      462.078
    1309.224       12.000       23.477      454.391
    1310.224        1.000       23.477      454.391
    1311.225       37.000       23.484      454.391
    1312.226        1.000       23.484      454.391
    1313.227        0.000       23.484      454.391
    1314.228        0.000       23.484      454.391
    1315.229        0.000       23.484      454.391
    1316.231        0.000       23.484      454.391
    1317.232       42.900       23.484      454.391
    1318.233        0.000       23.484      454.391
    1319.235        8.000       39.207      462.148
    1320.235       31.000       23.484      454.391
    1321.236        0.000       23.484      454.391
    1322.238       38.000       23.484      454.391
    1323.238        0.000       23.484      454.391
    1324.239       31.000       47.715      462.176
    1325.240        8.000       23.488      454.391
    1326.242        0.000       23.488      454.391
    1327.243       38.000       23.488      454.391
    1328.244        1.000       23.488      454.391
    1329.244       34.000       23.488      454.391
    1330.246        0.000       23.488      454.391
    1331.247        0.000       23.488      454.391
    1332.247        0.000       23.488      454.391
    1333.248       22.000       47.977      462.234
    1334.249       19.000       23.488      454.391
    1335.250        0.000       23.488      454.391
    1336.251       45.900       23.488      454.391
    1337.252        0.000       23.488      454.391
    1338.253       35.000       47.977      462.266
    1339.253        6.000       23.488      454.391
    1340.254        0.000       23.488      454.391
    1341.256       40.000       23.492      454.391
    1342.256        0.000       23.750      454.391
    1343.257       38.000       23.750      454.391
    1344.259        0.000       23.750      454.391
    1345.260       17.000       48.496      462.309
    1346.260       22.000       23.750      454.391
    1347.261        0.000       23.750      454.391
    1348.262       38.000       23.750      454.391
    1349.263        1.000       23.750      454.391
    1350.264       39.900       23.750      454.391
    1351.265        0.000       23.750      454.391
    1352.266        1.000       23.750      454.391
    1353.266       40.000       23.750      454.391
    1354.267        0.000       23.750      454.391
    1355.268       39.000       23.754      454.391
    1356.269        0.000       23.754      454.391
    1357.271       21.000       48.758      462.383
    1358.272       17.000       23.754      454.391
    1359.272        0.000       23.754      454.391
    1360.273       40.000       23.754      454.391
    1361.275        0.000       23.754      454.391
    1362.276       37.000       23.758      454.391
    1363.276        0.000       23.758      454.391
    1364.277        8.000       40.512      462.426
    1365.278       32.000       23.758      454.391
    1366.279        0.000       23.758      454.391
    1367.280       39.000       23.758      454.391
    1368.282        0.000       23.758      454.391
    1369.283       29.000       49.020      462.457
    1370.284        8.000       23.762      454.391
    1371.285        1.000       23.762      454.391
    1372.286       40.000       23.762      454.391
    1373.288        0.000       23.762      454.391
    1374.288       41.000       23.762      454.391
    1375.289        0.000       23.762      454.391
    1376.290       11.000       49.281      462.500
    1377.291       36.000       23.762      454.391
    1378.292        0.000       23.762      454.391
    1379.293       39.000       23.762      454.391
    1380.294        0.000       23.762      454.391
    1381.294       26.000       49.281      462.531
    1382.295       13.000       23.762      454.391
    1383.296        0.000       23.762      454.391
    1384.296       39.000       23.766      454.391
    1385.298        0.000       23.766      454.391
    1386.299       38.000       23.766      454.391
    1387.299        0.000       23.766      454.391
    1388.300       12.000       49.543      462.574
    1389.300       29.000       23.766      454.520
    1390.302        1.000       23.766      454.520
    1391.303       42.900       23.766      454.520
    1392.303        1.000       23.766      454.520
    1393.304        0.000       23.766      454.520
    1394.305        0.000       23.766      454.520
    1395.305       27.000       49.801      462.746
    1396.305       12.000       23.766      454.520
    1397.307        0.000       23.766      454.520
    1398.307       40.000       23.770      454.520
    1399.308        1.000       23.770      454.520
    1400.310        0.000       23.770      454.520
    1401.311        0.000       23.770      454.520
    1402.312       39.900       23.770      454.520
    1403.313        0.000       23.770      454.520
    1404.314        9.000       49.031      462.801
    1405.315       32.000       23.770      454.520
    1406.316        0.000       23.770      454.520
    1407.318       41.900       23.770      454.520
    1408.319        0.000       23.770      454.520
    1409.319       26.000       50.062      462.832
    1410.320       15.000       23.770      454.520
    1411.321        0.000       23.770      454.520
    1412.322       41.900       23.773      454.520
    1413.322        0.000       23.773      454.520
    1414.323       41.000       23.777      454.520
    1415.323        0.000       23.777      454.520
    1416.324        0.000       23.777      454.520
    1417.325        0.000       23.777      454.520
    1418.325        4.000       30.477      454.520
    1419.326       37.000       23.777      454.520
    1420.328        0.000       23.777      454.520
    1421.328        0.000       23.777      454.520
    1422.329        0.000       23.777      454.520
    1423.329        0.000       23.777      454.520
    1424.331        1.000       23.777      454.520
    1425.331       42.000       23.777      454.520
    1426.332        0.000       23.777      454.520
    1427.333       22.000       50.586      462.945
    1428.334       23.000       23.781      454.520
    1429.335        0.000       23.781      454.520
    1430.336       44.000       23.781      454.520
    1431.337        0.000       23.781      454.520
    1432.337       34.000       50.590      462.973
    1433.338       12.000       23.781      454.520
    1434.339        0.000       23.781      454.520
    1435.340       41.900       23.781      454.520
    1436.341        0.000       23.781      454.520
    1437.342        0.000       23.781      454.520
    1438.342        0.000       23.781      454.520
    1439.342        0.000       23.781      454.520
    1440.344        1.000       23.781      454.520
    1441.344        0.000       23.781      454.520
    1442.345        0.000       23.781      454.520
    1443.345        0.000       23.781      454.520
    1444.347        0.000       23.781      454.520
    1445.347        0.000       23.781      454.520
    1446.348        0.000       23.781      454.520
    1447.348        0.000       23.781      454.520
    1448.349        0.000       23.781      454.520
    1449.350        0.000       23.781      454.520
    1450.351        1.000       23.781      454.520
    1451.352        1.000       23.781      454.520
    1452.353        0.000       23.781      454.520
    1453.354        0.000       23.781      454.520
    1454.355        0.000       23.781      454.520
    1455.356        0.000       23.781      454.520
    1456.358        0.000       23.781      454.520
    1457.359        0.000       23.781      454.520
    1458.359        0.000       23.781      454.520
    1459.360        0.000       23.781      454.520
    1460.361        1.000       23.781      454.520
    1461.361        0.000       23.781      454.520
    1462.363        0.000       23.781      454.520
    1463.363        0.000       23.781      454.520
    1464.364        0.000       23.781      454.520
    1465.364        0.000       23.781      454.520
    1466.366        0.000       23.781      454.520
    1467.367        0.000       23.781      454.520
    1468.367        0.000       24.039      454.520
    1469.368        0.000       24.039      454.520
    1470.369        0.000       24.039      454.520
    1471.371        0.000       24.039      454.520
    1472.372        0.000       24.039      454.520
    1473.372        0.000       24.039      454.520
    1474.373        0.000       24.039      454.520
    1475.373        1.000       24.039      454.520
    1476.374        1.000       24.039      454.648
    1477.375        0.000       24.039      454.648
    1478.376        0.000       24.039      454.648
    1479.376        0.000       24.039      454.648
    1480.378        0.000       24.039      454.648
    1481.379        0.000       24.039      454.648
    1482.380        0.000       24.039      454.648
    1483.380        0.000       24.039      454.648
    1484.381        0.000       24.039      454.648
    1485.383       41.900       24.059      454.648
    1486.384        0.000       24.059      454.648
    1487.384        9.000       51.383      463.434
    1488.386       37.000       24.059      454.648
    1489.386        1.000       24.059      454.648
    1490.386       40.000       24.059      454.648
    1491.387        0.000       24.059      454.648
    1492.388       24.000       52.414      463.465
    1493.390       18.000       24.059      454.648
    1494.390        0.000       24.059      454.648
    1495.390       44.000       24.059      454.648
    1496.391        0.000       24.059      454.648
    1497.392       38.000       52.672      463.496
    1498.393        6.000       24.059      454.648
    1499.393        0.000       24.059      454.648
    1500.394       43.900       24.062      454.648
    1501.394        0.000       24.062      454.648
    1502.396       43.900       24.062      454.648
    1503.396        0.000       24.062      454.648
    1504.398        6.000       43.395      463.543
    1505.398       37.000       24.062      454.648
    1506.399        0.000       24.062      454.648
    1507.400       44.000       24.062      454.648
    1508.401        0.000       24.062      454.648
    1509.402       20.000       52.934      463.574
    1510.403       25.000       24.062      454.648
    1511.403        0.000       24.062      454.648
    1512.404       45.900       24.062      454.648
    1513.404        0.000       24.062      454.648
    1514.405       31.000       52.934      463.609
    1515.407       14.000       24.066      454.648
    1516.407        0.000       24.066      454.648
    1517.408       45.000       24.070      454.648
    1518.410        0.000       24.070      454.648
    1519.411       40.900       53.199      463.641
    1520.412        3.000       24.070      454.648
    1521.413        0.000       24.070      454.648
    1522.415       42.900       24.070      454.648
    1523.415        1.000       24.070      454.648
    1524.416       42.000       24.070      454.648
    1525.418        0.000       24.070      454.648
    1526.419       13.000       53.457      463.684
    1527.420       31.000       24.070      454.648
    1528.420        0.000       24.070      454.648
    1529.421       43.000       24.074      454.648
    1530.422        0.000       24.074      454.648
    1531.423       27.000       53.461      463.719
    1532.424       18.000       24.074      454.648
    1533.426        0.000       24.074      454.648
    1534.426       45.000       24.074      454.648
    1535.427        0.000       24.074      454.648
    1536.428       38.000       53.719      463.746
    1537.430       11.000       24.074      454.648
    1538.431        0.000       24.074      454.648
    1539.432       43.900       24.074      454.648
    1540.433        0.000       24.074      454.648
    1541.434       44.900       24.074      454.648
    1542.435        0.000       24.074      454.648
    1543.436        0.000       24.074      454.648
    1544.436        0.000       24.074      454.648
    1545.437        0.000       24.074      454.648
    1546.438        0.000       24.074      454.648
    1547.439        1.000       24.074      454.648
    1548.440        0.000       24.074      454.648
    1549.442        0.000       24.074      454.648
    1550.443        0.000       24.074      454.648
    1551.444        0.000       24.074      454.648
    1552.445        0.000       24.074      454.648
    1553.447        0.000       24.074      454.648
    1554.448        0.000       24.074      454.648
    1555.449        1.000       24.074      454.648
    1556.450        0.000       24.074      454.648
    1557.451        0.000       24.074      454.777
    1558.452        0.000       24.074      454.777
    1559.453        1.000       24.074      454.777
    1560.454        0.000       24.074      454.777
    1561.454        0.000       24.074      454.777
    1562.456        0.000       24.074      454.777
    1563.456        0.000       24.074      454.777
    1564.458        0.000       24.074      454.777
    1565.458        0.000       24.074      454.777
    1566.459        0.000       24.074      454.777
    1567.460        0.000       24.074      454.777
    1568.461        0.000       24.074      454.777
    1569.461        0.000       24.074      454.777
    1570.461        0.000       24.074      454.777
    1571.461        1.000       24.074      454.777
    1572.462        0.000       24.074      454.777
    1573.463        0.000       24.074      454.777
    1574.463        0.000       24.074      454.777
    1575.464        0.000       24.074      454.777
    1576.466        0.000       24.074      454.777
    1577.466        1.000       24.074      454.777
    1578.467        0.000       24.074      454.777
    1579.468        0.000       24.074      454.777
    1580.470        0.000       24.074      454.777
    1581.470        0.000       24.074      454.777
    1582.472        0.000       24.074      454.777
    1583.472        0.000       24.074      454.777
    1584.474        0.000       24.074      454.777
    1585.475        0.000       24.074      454.777
    1586.475        0.000       24.074      454.777
    1587.476        0.000       24.074      454.777
    1588.478        0.000       24.074      454.777
    1589.478        1.000       24.074      454.777
    1590.479        0.000       24.074      454.777
    1591.480        0.000       24.074      454.777
    1592.482        0.000       24.074      454.777
    1593.483        0.000       24.074      454.777
    1594.484        1.000       24.074      454.777
    1595.485        0.000       24.332      454.777
    1596.486        0.000       24.332      454.777
    1597.486        0.000       24.332      454.777
    1598.487        0.000       24.332      454.777
    1599.488        0.000       24.332      454.777
    1600.489        0.000       24.332      454.777
    1601.490        1.000       24.332      454.777
    1602.491        0.000       24.332      454.777
    1603.492        0.000       24.332      454.777
    1604.494        0.000       24.332      454.777
    1605.495        0.000       24.332      454.777
    1606.495        0.000       24.332      454.777
    1607.496        0.000       24.332      454.777
    1608.497        0.000       24.332      454.777
    1609.499        0.000       24.332      454.777
    1610.500        0.000       24.332      454.777
    1611.500        0.000       24.332      454.777
    1612.502        1.000       24.332      454.777
    1613.502        0.000       24.332      454.777
    1614.503        0.000       24.332      454.777
    1615.503        0.000       24.332      454.777
    1616.504        0.000       24.332      454.777
    1617.505        0.000       24.332      454.777
    1618.506        0.000       24.332      454.777
    1619.507        0.000       24.332      454.777
    1620.508        0.000       24.332      454.777
    1621.510        1.000       24.332      454.777
    1622.511        0.000       24.332      454.777
    1623.512        0.000       24.332      454.777
    1624.513        0.000       24.332      454.777
    1625.514        0.000       24.332      454.777
    1626.515        0.000       24.332      454.777
    1627.516        0.000       24.332      454.777
    1628.518        0.000       24.332      454.777
    1629.518        0.000       24.332      454.777
    1630.518        0.000       24.332      454.777
    1631.519        0.000       24.336      454.777
    1632.520        1.000       24.336      454.777
    1633.521        0.000       24.336      454.777
    1634.522        1.000       24.336      454.777
    1635.523        9.000       46.246      464.469
    1636.524       41.900       24.738      454.777
    1637.525        0.000       24.738      454.777
    1638.525       53.000       24.738      454.777
    1639.526        0.000       24.738      454.777
    1640.528        5.000       33.500      454.777
    1641.528       47.000       24.742      454.777
    1642.530        0.000       24.742      454.777
    1643.531       48.900       24.742      454.777
    1644.532        0.000       24.742      454.777
    1645.533        6.000       33.762      454.906
    1646.534       42.900       24.746      454.906
    1647.535        0.000       24.746      454.906
    1648.536       48.000       24.746      454.906
    1649.538        0.000       24.746      454.906
    1650.539       10.000       52.070      464.695
    1651.539       42.000       25.281      454.906
    1652.540        1.000       25.281      454.906
    1653.541       52.000       24.746      454.906
    1654.542        0.000       24.746      454.906
    1655.543        5.000       33.766      454.906
    1656.544       44.000       24.746      454.906
    1657.546        0.000       24.875      455.734
    1658.547       48.900       33.090      455.734
    1659.548        0.000       33.090      455.734
    1660.548        8.000       47.008      465.590
    1661.550       41.900       33.121      455.734
    1662.551        0.000       33.121      455.734
    1663.552       46.900       33.148      455.734
    1664.553        1.000       33.148      455.734
    1665.555       12.000       56.348      465.621
    1666.556       33.000       33.176      455.734
    1667.557        1.000       33.176      455.734
    1668.559       47.900       33.203      455.734
    1669.560        0.000       33.203      455.734
    1670.561       18.000       57.691      465.656
    1671.563       30.000       33.230      455.734
    1672.563        0.000       33.230      455.734
    1673.564        0.000       33.230      455.734
    1674.566        0.000       33.230      455.734
    1675.567        0.000       33.230      455.734
    1676.568        0.000       33.230      455.734
    1677.568        0.000       33.230      455.734
    1678.570        1.000       33.230      455.734
    1679.571        0.000       33.230      455.734
    1680.572        0.000       33.230      455.734
    1681.573        0.000       33.230      455.734
    1682.575        0.000       33.230      455.734
    1683.575        0.000       33.230      455.734
    1684.576        0.000       33.230      455.734
    1685.577        0.000       33.230      455.734
    1686.579        0.000       33.230      455.734
    1687.580        0.000       33.230      455.734
    1688.580        0.000       33.230      455.734
    1689.581        1.000       33.230      455.734
    1690.582        0.000       33.230      455.734
    1691.583        0.000       33.230      455.734
    1692.584        0.000       33.230      455.734
    1693.585        0.000       33.230      455.734
    1694.586        0.000       33.230      455.734
    1695.587        0.000       33.230      455.734
    1696.587        1.000       33.230      455.734
    1697.589        0.000       33.230      455.734
    1698.590        0.000       33.230      455.734
    1699.590        0.000       33.230      455.734
    1700.591        0.000       33.230      455.734
    1701.592        0.000       33.230      455.734
    1702.593        0.000       33.230      455.734
    1703.594        0.000       33.230      455.734
    1704.596        0.000       33.230      455.734
    1705.597        0.000       33.230      455.734
    1706.597        0.000       33.230      455.734
    1707.597        0.000       33.230      455.734
    1708.599        1.000       33.230      455.734
    1709.599        0.000       33.230      455.734
    1710.599        0.000       33.230      455.734
    1711.600        0.000       33.230      455.734
    1712.602        0.000       33.230      455.734
    1713.603        0.000       33.230      455.734
    1714.603        0.000       33.230      455.734
    1715.604        1.000       33.230      455.734
    1716.605        0.000       33.230      455.734
    1717.606       42.900       33.695      455.734
    1718.607        0.000       33.695      455.734
    1719.608        0.000       33.695      455.734
    1720.609        0.000       33.695      455.734
    1721.609       33.000       58.957      465.957
    1722.610       11.000       33.746      455.734
    1723.611        1.000       33.746      455.734
    1724.611       44.000       33.770      455.734
    1725.612        0.000       33.770      455.734
    1726.613        0.000       33.770      455.734
    1727.613        0.000       33.770      455.734
    1728.613        0.000       33.770      455.734
    1729.614        0.000       33.770      455.734
    1730.615        0.000       33.770      455.734
    1731.616        0.000       33.770      455.734
    1732.617       46.900       33.852      455.734
    1733.618        0.000       33.852      455.734
    1734.619        0.000       33.852      455.734
    1735.620       45.900       33.879      455.734
    1736.621        0.000       33.879      455.734
    1737.623       48.000       33.906      455.734
    1738.624        0.000       33.906      455.734
    1739.624        0.000       33.906      455.734
    1740.626        0.000       33.906      455.734
    1741.627        0.000       33.906      455.734
    1742.628        0.000       33.906      455.734
    1743.629        1.000       33.906      455.863
    1744.630        0.000       33.906      455.863
    1745.632        0.000       33.906      455.863
    1746.632        0.000       33.906      455.863
    1747.633        0.000       33.906      455.863
    1748.634        0.000       33.906      455.863
    1749.635        0.000       33.906      455.863
    1750.636        0.000       33.906      455.863
    1751.637        1.000       33.906      455.863
    1752.638        0.000       33.906      455.863
    1753.639        0.000       33.906      455.863
    1754.640        0.000       33.906      455.863
    1755.641        0.000       33.906      455.863
    1756.642        0.000       33.906      455.863
    1757.643        0.000       33.906      455.863
    1758.644        1.000       33.906      455.863
    1759.645        0.000       33.906      455.863
    1760.646        0.000       33.906      455.863
    1761.646        0.000       33.906      455.863
    1762.646        0.000       33.906      455.863
    1763.647        0.000       33.906      455.863
    1764.647        0.000       33.906      455.863
    1765.648        1.000       33.906      455.863
    1766.650        0.000       33.906      455.863
    1767.650        0.000       33.906      455.863
    1768.650        0.000       33.906      455.863
    1769.651        0.000       33.906      455.863
    1770.652        0.000       33.906      455.863
    1771.653        0.000       33.906      455.863
    1772.654        0.000       33.906      455.863
    1773.655       10.000       58.910      466.398
    1774.656       36.000       34.270      455.863
    1775.657        0.000       34.270      455.863
    1776.658       46.900       34.297      455.863
    1777.659        0.000       34.297      455.863
    1778.660       19.000       60.332      466.430
    1779.662       31.000       34.328      455.863
    1780.663        0.000       34.328      455.863
    1781.663       53.000       34.355      455.863
    1782.664        0.000       34.355      455.863
    1783.665       16.000       60.391      466.461
    1784.666       38.000       34.383      455.863
    1785.668        1.000       34.383      455.863
    1786.668       54.000       34.410      455.863
    1787.670        0.000       34.664      455.863
    1788.671        8.000       49.613      466.496
    1789.672       42.900       34.695      455.863
    1790.673        0.000       34.695      455.863
    1791.673       52.000       34.719      455.863
    1792.674        1.000       34.719      455.863
    1793.675        5.000       35.746      455.863
    1794.676       46.000       34.754      455.863
    1795.678        0.000       34.754      455.863
    1796.678       52.000       34.777      455.863
    1797.678        0.000       34.777      455.863
    1798.680        2.000       34.777      455.863
    1799.681       51.900       34.805      455.863
    1800.682        0.000       34.805      455.863
    1801.682       49.000       61.098      466.574
    1802.683        4.000       34.832      455.863
    1803.684        1.000       34.832      455.863
    1804.686       51.900       34.855      455.863
    1805.686        0.000       34.855      455.863
    1806.687       43.900       61.406      466.605
    1807.688        7.000       34.883      455.863
    1808.690        0.000       34.883      455.863
    1809.691        0.000       34.883      455.863
    1810.692        0.000       34.883      455.863
    1811.692        0.000       34.883      455.863
    1812.693        1.000       34.883      455.863
    1813.695       52.900       34.949      455.863
    1814.696        0.000       34.949      455.863
    1815.697       40.900       61.500      466.660
    1816.698       11.000       34.977      455.863
    1817.699        1.000       34.977      455.863
    1818.700       52.900       35.008      455.863
    1819.701        0.000       35.008      455.863
    1820.701       36.000       61.559      466.691
    1821.702       17.000       35.031      455.863
    1822.703        0.000       35.031      455.863
    1823.704       56.900       35.066      455.863
    1824.705        0.000       35.066      455.863
    1825.706       26.000       61.875      466.727
    1826.707       25.000       35.094      455.992
    1827.708        0.000       35.094      455.992
    1828.710       50.900       35.121      455.992
    1829.711        0.000       35.121      455.992
    1830.712       26.000       61.930      466.887
    1831.713       31.000       35.148      455.992
    1832.714        0.000       35.148      455.992
    1833.715       51.900       35.176      455.992
    1834.716        0.000       35.176      455.992
    1835.718       17.000       60.695      466.918
    1836.718       40.000       35.203      455.992
    1837.720        0.000       35.203      455.992
    1838.720       55.000       35.234      455.992
    1839.722        0.000       35.234      455.992
    1840.723        5.000       36.262      455.992
    1841.724       48.900       35.266      455.992
    1842.726        0.000       35.266      455.992
    1843.727       51.900       62.332      466.969
    1844.728        4.000       35.293      455.992
    1845.729        0.000       35.293      455.992
    1846.730       53.900       35.316      455.992
    1847.731        1.000       35.316      455.992
    1848.732        0.000       35.316      455.992
    1849.734        0.000       35.316      455.992
    1850.735        0.000       35.316      455.992
    1851.735        0.000       35.316      455.992
    1852.736        0.000       35.316      455.992
    1853.737        0.000       35.316      455.992
    1854.738        0.000       35.316      455.992
    1855.739        0.000       35.316      455.992
    1856.740        0.000       35.316      455.992
    1857.741        0.000       35.316      455.992
    1858.742        0.000       35.316      455.992
    1859.743        1.000       35.316      455.992
    1860.744        0.000       35.316      455.992
    1861.745        0.000       35.316      455.992
    1862.747        0.000       35.316      455.992
    1863.748        0.000       35.316      455.992
    1864.749        0.000       35.316      455.992
    1865.750        0.000       35.316      455.992
    1866.751        0.000       35.316      455.992
    1867.752        1.000       35.316      455.992
    1868.753        0.000       35.316      455.992
    1869.754        0.000       35.316      455.992
    1870.755        0.000       35.316      455.992
    1871.756        0.000       35.316      455.992
    1872.758        0.000       35.316      455.992
    1873.758        0.000       35.316      455.992
    1874.759        0.000       35.316      455.992
    1875.760        0.000       35.316      455.992
    1876.761        0.000       35.316      455.992
    1877.762        0.000       35.316      455.992
    1878.763        1.000       35.316      455.992
    1879.764        0.000       35.316      455.992
    1880.766        0.000       35.316      455.992
    1881.766        0.000       35.316      455.992
    1882.766        0.000       35.316      455.992
    1883.767        0.000       35.316      455.992
    1884.768        0.000       35.316      455.992
    1885.770        0.000       35.316      455.992
    1886.770        0.000       35.316      455.992
    1887.771        0.000       35.316      455.992
    1888.772        0.000       35.316      455.992
    1889.774        0.000       35.316      455.992
    1890.774        0.000       35.316      455.992
    1891.775        0.000       35.316      455.992
    1892.776        0.000       35.316      455.992
    1893.777        0.000       35.316      455.992
    1894.778        0.000       35.316      455.992
    1895.779        0.000       35.316      455.992
    1896.780        0.000       35.316      455.992
    1897.782        0.000       35.316      455.992
    1898.782        1.000       35.316      455.992
    1899.784        0.000       35.316      455.992
    1900.784        0.000       35.316      455.992
    1901.786        0.000       35.316      455.992
    1902.787        0.000       35.316      455.992
    1903.787        0.000       35.316      455.992
    1904.788        0.000       35.316      455.992
    1905.790        1.000       35.316      455.992
    1906.790        0.000       35.316      455.992
    1907.791        0.000       35.316      455.992
    1908.792        0.000       35.316      455.992
    1909.793        0.000       35.316      455.992
    1910.794        0.000       35.316      455.992
    1911.795        0.000       35.316      455.992
    1912.796        0.000       35.316      463.996
    1913.798        0.000       35.316      463.996
    1914.798        0.000       35.316      463.996
    1915.800        0.000       35.316      463.996
    1916.800        0.000       35.316      463.996
